SelfTest Commpleted without Exception
CLOG:

Solution for entire set with Param = 0
1	1.0001	
181	1.93006	-0.338571	-0.0057515	0.0354701	0.0271031	0.236865	-0.0541217	-0.0137806	-0.0767905	-0.0945581	0.0686983	-0.110193	-0.106507	0.682747	0.087518	-0.190316	-0.221665	-0.156716	-0.0911829	0.166934	0.154817	-0.0754661	-0.0526972	0.13513	0.143831	0.120526	0.178033	-0.0513048	-0.073204	-0.0734593	0.158702	-0.0915658	0.114811	0.51457	-0.0498596	-0.389411	-0.113265	-0.012723	-0.111424	-0.162765	-0.108459	0.11687	-0.00385849	0.391964	0.29454	-0.531689	0.208958	-0.256108	-0.421315	-0.00993039	-0.0195661	-0.203543	0.27301	0.701193	0.384285	-0.0826228	0.225458	-0.0335957	-0.273118	-0.251538	-0.509395	-0.0303922	0.00823222	-0.455553	-0.219831	0.0194141	0.263622	0.13273	0.0485852	0.0886525	0.112769	0.150529	0.0843585	0.0388124	0.01384	-0.0860372	0.0939243	-0.0525891	-0.012806	-0.184284	-0.0139765	0.050202	-0.0222691	0.111894	0.0125631	-0.373776	0.160448	0.0267028	-0.202834	0.261302	-0.182133	-0.126142	0.117953	0.18704	0.0696731	0.284376	0.127609	0.0392826	-0.149473	-0.196316	-0.196103	0.0658934	-0.0729679	0.0821025	0.0667296	-0.215489	0.0229265	-0.0812107	-0.0340674	0.162294	-0.24885	-0.142827	-0.0960053	0.188025	0.112621	0.251127	0.0795671	0.0740366	-0.000891238	-0.117219	-0.0957941	0.0885362	-0.112687	0.0621082	-0.0172229	-0.335989	0.069763	0.0398836	0.0121795	0.423598	-0.143872	-0.146121	-0.111559	0.117868	-0.0144989	0.248238	0.136842	0.204495	0.140926	-0.235698	-0.42679	0.247493	-0.131362	0.0435743	0.143964	-0.287251	0.108564	-0.153239	-0.04416	0.0694568	0.155022	-0.0974589	0.0627102	0.33584	0.190377	-0.23553	0.0452619	0.130057	0.25596	-0.34403	-0.495248	0.368251	-0.192033	0.431379	0.351485	-1.05598	0.421993	0.0507593	-0.602694	0.697019	-0.499033	-0.726636	0.0833702	0.204666	0.281839	0.760394	0.551103	0.442821	-0.143974	-0.704204	-0.720522	
Solution for entire set with Param = -1
1	0.1001	
181	1.96619	-0.547932	0.0643044	0.0326423	0.231396	0.319533	-0.0107652	-0.052259	-0.185035	-0.141761	-0.0403271	-0.502873	-0.215895	0.927969	0.147312	-0.409926	-0.0779054	-0.0504079	0.0167316	0.212502	0.282695	-0.285154	-0.138455	0.118468	0.169989	0.0114773	0.437766	0.0194631	0.0321737	-0.11656	0.293396	-0.177579	0.0930101	1.1236	-0.13549	-0.505924	-0.0541759	-0.0330854	-0.2807	-0.458191	-0.114032	0.252967	0.0350579	0.606631	0.615599	-0.657749	0.532053	-0.584451	-0.480511	0.157291	0.0878357	-0.466614	0.36464	1.00462	0.413081	-0.154346	0.32384	-0.35371	-0.354088	-0.65451	-0.687643	-0.126259	0.174158	-0.676383	-0.0223867	0.0456618	0.400906	0.225822	0.257048	0.0570699	0.251618	0.229454	-0.129337	0.321313	0.0910535	-0.205804	-0.0632505	-0.111837	-0.00220861	-0.687865	-0.0287735	0.151212	0.0480509	0.301865	0.117118	-0.518676	0.419868	-0.129837	-0.206679	0.214446	-0.0467505	-0.0213348	0.245143	0.0252211	0.0518906	0.1059	0.0392967	0.148868	-0.107803	-0.561792	-0.276007	-0.19086	-0.0961792	0.174021	0.482519	-0.111803	-0.104026	-0.447361	-0.0692637	0.380399	-0.073876	-0.000404175	-0.105863	0.176382	0.274998	0.17832	0.0455721	0.151604	-0.0624759	-0.358908	-0.242796	0.131573	-0.329891	0.198328	-0.0364095	-0.314907	0.0839755	-0.107921	-0.0184824	0.934384	-0.0719359	-0.195537	0.00792585	-0.00578697	-0.257027	0.0296687	0.0386268	0.371486	0.39469	-0.291359	-0.5614	0.398095	-0.343343	0.00672422	0.120139	-0.388455	0.287439	-0.430398	-0.0319156	0.226034	0.329368	-0.20508	0.0484945	0.339636	0.317465	-0.244918	0.0282694	0.14456	0.38301	-0.361415	-0.623709	0.436207	-0.409339	1.05237	1.01504	-1.3042	1.00532	0.026277	-0.748966	1.03959	-0.729936	-1.24837	0.0220105	-0.292349	0.0575107	0.981825	0.742232	0.496058	-0.16684	-0.978068	-0.996376	
Solution for entire set with Param = 1
1	10.0001	
181	1.65464	-0.0804009	-0.00315335	0.0230964	0.0136101	0.0756905	-0.022314	0.00817989	-0.0338386	-0.00459399	0.0379543	-0.0132004	-0.0143653	0.169251	0.00485242	-0.033779	-0.0924932	-0.0783411	-0.0414478	0.0312515	0.0540416	0.0364921	0.00124595	0.0562249	0.0504637	0.0322897	0.0343225	-0.0526242	-0.0246465	-0.0538759	0.0117627	-0.0361324	0.0137683	0.130437	0.00331838	-0.0985818	-0.0347523	0.0031934	-0.0112533	-0.0257365	-0.035916	0.0493163	-0.00823033	0.120072	0.0779855	-0.235722	0.0538593	-0.0508692	-0.188455	-0.0104687	-0.0547441	-0.0756265	0.10857	0.279324	0.15904	-0.00258344	0.110758	0.0453068	-0.0781379	-0.0818859	-0.217508	-0.000867112	-0.0065241	-0.149611	-0.0918498	0.0167884	0.0708237	0.0498506	-0.0182742	0.0348776	0.00786402	0.0353417	0.028878	-0.0240281	-0.00473123	0.00255717	0.0563557	-0.00230729	-0.00208447	-0.0224196	0.0193597	0.00111515	-0.0206584	0.0336936	-0.0206085	-0.191925	0.0347402	0.0460237	-0.113384	0.145297	-0.106148	-0.0721176	0.0501049	0.138752	0.0421135	0.174336	0.0575006	0.00989525	-0.0642336	-0.0554534	-0.0890445	0.0665678	-0.0327935	0.0570108	0.00187399	-0.175958	0.0188966	0.0167402	-0.0819033	0.0860749	-0.147015	-0.0998893	-0.0133724	0.122572	0.0498982	0.130726	0.082913	0.0587029	-0.0184302	-0.0572511	-0.0653626	0.0441842	-0.0272096	0.0135673	-0.00306478	-0.144256	0.0114777	0.0169216	0.0109857	0.113981	-0.0572667	-0.0386757	-0.0435252	0.0790965	0.0269007	0.120087	0.0632637	0.0492463	0.0208682	-0.0907248	-0.165858	0.115435	-0.0244995	0.0538798	0.0674046	-0.137889	0.0364245	-0.0697037	-0.00400688	-0.0304535	0.00432114	-0.065035	0.0147694	0.174313	0.0650022	-0.102699	0.0473266	0.0621844	0.0953089	-0.119318	-0.182766	0.191284	-0.0838808	0.0808437	0.0391078	-0.476035	0.103485	0.0504249	-0.289207	0.291484	-0.214856	-0.251162	0.0211238	0.193253	0.158322	0.367271	0.244091	0.192867	-0.0425683	-0.269678	-0.30617	

Next, compare distance in cross validation. For this, shuffling in CVSet has to be disabled. Don't forget to re-enable
CSeqMatrix::SMMTrain(RawData/murine-tap-9-mers_NO_EXTREME_OUTLIERS_NO_INEQUAL.txt)
Elements in Set: 231
CV Param:
srand	0
train_repeats	1
tolerated_non_convergence	0
cv_num	5
lambda_start	1
Solve Param:
lambda_min	0.0001
lambda_max	1e+007
precision	0.0001
max_iterations	1000
m_lambda_grouping	ONE_COVAR
group_size	20
Covar
20	20
6.91547	-3.07161	0.134498	-0.741122	-0.280512	-1.51765	0.96567	0.606473	-0.0282073	0.798419	-0.914074	1.36445	-1.16558	1.39508	-0.873034	-1.13304	-1.29825	-3.00122	3.17127	-0.327026	
-3.07161	13.7503	-0.0645986	-2.75382	-1.02198	-1.98608	-1.66361	-1.03409	0.36918	-0.0766286	0.966599	-1.23425	-0.216683	0.724222	0.225913	0.156015	0.776227	1.12385	-4.4913	0.522308	
0.134498	-0.0645986	9.92078	-6.14844	0.243021	-0.147163	0.00977856	-0.123953	-0.187222	0.966629	-0.810718	-1.55781	-1.45081	1.75685	-0.0144607	0.366269	-1.97427	0.93299	-0.979496	0.128143	
-0.741122	-2.75382	-6.14844	13.4402	-0.977439	0.201546	-0.0385638	0.0468859	0.600332	-1.89172	1.04385	0.223201	0.265773	-3.84938	0.551713	0.00650683	0.65217	-0.281442	1.07555	-0.425746	
-0.280512	-1.02198	0.243021	-0.977439	7.38531	-1.8109	-0.765937	-1.04353	1.1379	-2.49189	-0.173684	0.028187	0.256708	2.54584	-0.548605	0.491782	0.818932	0.461793	-1.47752	-1.77748	
-1.51765	-1.98608	-0.147163	0.201546	-1.8109	10.3631	0.603879	-0.393482	-1.30848	0.88667	0.113314	-0.791078	-0.408464	-1.79181	0.823807	-2.57668	0.140822	0.538159	0.501722	-0.441269	
0.96567	-1.66361	0.00977856	-0.0385638	-0.765937	0.603879	7.92725	0.902527	-1.41582	-0.332979	-0.703758	-1.69543	0.136163	0.522459	-1.64829	-0.793579	-1.32672	0.987828	0.236112	-0.906986	
0.606473	-1.03409	-0.123953	0.0468859	-1.04353	-0.393482	0.902527	6.87697	-0.688223	-1.44143	-2.13057	1.10937	-0.163761	0.77302	0.475514	-0.279472	0.804404	-3.46929	-0.22464	0.397274	
-0.0282073	0.36918	-0.187222	0.600332	1.1379	-1.30848	-1.41582	-0.688223	8.20564	-2.10575	0.294595	-0.245735	-0.0506182	1.54952	-4.65623	-0.333372	0.0401979	-0.217496	0.261087	-0.221304	
0.798419	-0.0766286	0.966629	-1.89172	-2.49189	0.88667	-0.332979	-1.44143	-2.10575	12.8741	-4.57317	-0.550187	0.166357	-3.05821	1.58177	2.21859	-0.277523	-3.71575	1.79396	0.22875	
-0.914074	0.966599	-0.810718	1.04385	-0.173684	0.113314	-0.703758	-2.13057	0.294595	-4.57317	10.6408	-1.24816	1.50715	-1.48783	-0.530066	-1.5673	2.09544	0.593666	-1.74984	-0.366248	
1.36445	-1.23425	-1.55781	0.223201	0.028187	-0.791078	-1.69543	1.10937	-0.245735	-0.550187	-1.24816	9.48437	-0.463249	-1.66276	1.00651	-1.83857	0.376625	-0.383557	-0.771761	-0.150163	
-1.16558	-0.216683	-1.45081	0.265773	0.256708	-0.408464	0.136163	-0.163761	-0.0506182	0.166357	1.50715	-0.463249	4.36573	-2.05647	-0.171046	0.829007	0.338205	-0.916275	-0.230848	0.428717	
1.39508	0.724222	1.75685	-3.84938	2.54584	-1.79181	0.522459	0.77302	1.54952	-3.05821	-1.48783	-1.66276	-2.05647	10.9578	-2.14245	-1.45392	-2.24111	1.41014	-1.07861	0.187608	
-0.873034	0.225913	-0.0144607	0.551713	-0.548605	0.823807	-1.64829	0.475514	-4.65623	1.58177	-0.530066	1.00651	-0.171046	-2.14245	6.71406	-0.838897	1.15114	0.372518	0.0771002	-0.556985	
-1.13304	0.156015	0.366269	0.00650683	0.491782	-2.57668	-0.793579	-0.279472	-0.333372	2.21859	-1.5673	-1.83857	0.829007	-1.45392	-0.838897	12.959	-7.23607	0.717385	0.353201	0.953111	
-1.29825	0.776227	-1.97427	0.65217	0.818932	0.140822	-1.32672	0.804404	0.0401979	-0.277523	2.09544	0.376625	0.338205	-2.24111	1.15114	-7.23607	15.4279	-5.40604	-1.33051	-0.531553	
-3.00122	1.12385	0.93299	-0.281442	0.461793	0.538159	0.987828	-3.46929	-0.217496	-3.71575	0.593666	-0.383557	-0.916275	1.41014	0.372518	0.717385	-5.40604	12.843	-1.53249	-0.057765	
3.17127	-4.4913	-0.979496	1.07555	-1.47752	0.501722	0.236112	-0.22464	0.261087	1.79396	-1.74984	-0.771761	-0.230848	-1.07861	0.0771002	0.353201	-1.33051	-1.53249	9.89327	-2.49625	
-0.327026	0.522308	0.128143	-0.425746	-1.77748	-0.441269	-0.906986	0.397274	-0.221304	0.22875	-0.366248	-0.150163	0.428717	0.187608	-0.556985	0.953111	-0.531553	-0.057765	-2.49625	6.41286	

Dist:	0.52473	Lambda:	1	0.264305	Solution:	181	1.98032	-0.430127	-0.0047724	0.0236472	0.033365	0.277509	-0.0552501	-0.0420031	-0.0851534	-0.132969	0.0359284	-0.207946	-0.157373	0.851089	0.132687	-0.281279	-0.19021	-0.128207	-0.0628995	0.228829	0.195136	-0.166103	-0.103561	0.118873	0.150625	0.133834	0.280676	0.000260815	-0.052034	-0.0849935	0.222355	-0.143353	0.119008	0.763818	-0.110527	-0.464529	-0.100429	-0.010773	-0.172282	-0.268925	-0.111941	0.184117	0.00392237	0.485738	0.42881	-0.600822	0.342386	-0.362018	-0.476582	0.0157712	0.0258245	-0.308783	0.290975	0.84551	0.432262	-0.137808	0.286895	-0.129722	-0.333505	-0.392215	-0.600754	-0.0600963	0.0344917	-0.542909	-0.176518	0.0137865	0.357629	0.146933	0.125148	0.0933229	0.170058	0.208153	0.0563584	0.118863	0.0555364	-0.152755	0.0444137	-0.0952076	-0.0173791	-0.332877	-0.0469516	0.0897647	-0.0078866	0.170251	0.0631879	-0.427496	0.209702	-0.023097	-0.211649	0.250236	-0.127155	-0.117359	0.157568	0.127706	0.0828141	0.229814	0.121711	0.0902021	-0.154041	-0.292686	-0.231585	0.0211012	-0.0702817	0.0584707	0.173209	-0.17304	-0.00764676	-0.193012	-0.0148814	0.222521	-0.187717	-0.105392	-0.137089	0.169858	0.164372	0.24997	0.0617662	0.0940306	0.000741	-0.201989	-0.124991	0.133073	-0.178138	0.124015	-0.0267726	-0.370226	0.118854	-0.0108021	0.0137882	0.590214	-0.145215	-0.207256	-0.118685	0.121354	-0.0864755	0.207261	0.128017	0.285923	0.238163	-0.294413	-0.522677	0.294142	-0.188916	-0.00160297	0.165349	-0.323373	0.157478	-0.218451	-0.0622931	0.14581	0.243594	-0.114164	0.049419	0.354917	0.250206	-0.255692	0.0234327	0.139435	0.316476	-0.39695	-0.578817	0.416856	-0.264284	0.675631	0.592149	-1.20676	0.637274	-0.0111705	-0.67091	0.840996	-0.602285	-0.94373	0.077296	0.076699	0.25256	0.849516	0.650367	0.510339	-0.171828	-0.866921	-0.8418	
Final:		181	1.98032	-0.430127	-0.0047724	0.0236472	0.033365	0.277509	-0.0552501	-0.0420031	-0.0851534	-0.132969	0.0359284	-0.207946	-0.157373	0.851089	0.132687	-0.281279	-0.19021	-0.128207	-0.0628995	0.228829	0.195136	-0.166103	-0.103561	0.118873	0.150625	0.133834	0.280676	0.000260815	-0.052034	-0.0849935	0.222355	-0.143353	0.119008	0.763818	-0.110527	-0.464529	-0.100429	-0.010773	-0.172282	-0.268925	-0.111941	0.184117	0.00392237	0.485738	0.42881	-0.600822	0.342386	-0.362018	-0.476582	0.0157712	0.0258245	-0.308783	0.290975	0.84551	0.432262	-0.137808	0.286895	-0.129722	-0.333505	-0.392215	-0.600754	-0.0600963	0.0344917	-0.542909	-0.176518	0.0137865	0.357629	0.146933	0.125148	0.0933229	0.170058	0.208153	0.0563584	0.118863	0.0555364	-0.152755	0.0444137	-0.0952076	-0.0173791	-0.332877	-0.0469516	0.0897647	-0.0078866	0.170251	0.0631879	-0.427496	0.209702	-0.023097	-0.211649	0.250236	-0.127155	-0.117359	0.157568	0.127706	0.0828141	0.229814	0.121711	0.0902021	-0.154041	-0.292686	-0.231585	0.0211012	-0.0702817	0.0584707	0.173209	-0.17304	-0.00764676	-0.193012	-0.0148814	0.222521	-0.187717	-0.105392	-0.137089	0.169858	0.164372	0.24997	0.0617662	0.0940306	0.000741	-0.201989	-0.124991	0.133073	-0.178138	0.124015	-0.0267726	-0.370226	0.118854	-0.0108021	0.0137882	0.590214	-0.145215	-0.207256	-0.118685	0.121354	-0.0864755	0.207261	0.128017	0.285923	0.238163	-0.294413	-0.522677	0.294142	-0.188916	-0.00160297	0.165349	-0.323373	0.157478	-0.218451	-0.0622931	0.14581	0.243594	-0.114164	0.049419	0.354917	0.250206	-0.255692	0.0234327	0.139435	0.316476	-0.39695	-0.578817	0.416856	-0.264284	0.675631	0.592149	-1.20676	0.637274	-0.0111705	-0.67091	0.840996	-0.602285	-0.94373	0.077296	0.076699	0.25256	0.849516	0.650367	0.510339	-0.171828	-0.866921	-0.8418	

Compare the Gradient at All Lambda = 0.264305
CSeqMatrix::SMMTrain(RawData/murine-tap-9-mers_NO_EXTREME_OUTLIERS_NO_INEQUAL.txt)
Elements in Set: 231
CV Param:
srand	0
train_repeats	1
tolerated_non_convergence	0
cv_num	5
lambda_start	1
Solve Param:
lambda_min	0.0001
lambda_max	1e+007
precision	1e-007
max_iterations	1000
m_lambda_grouping	GROUP_COVAR
group_size	20
Covar
20	20
6.91547	-3.07161	0.134498	-0.741122	-0.280512	-1.51765	0.96567	0.606473	-0.0282073	0.798419	-0.914074	1.36445	-1.16558	1.39508	-0.873034	-1.13304	-1.29825	-3.00122	3.17127	-0.327026	
-3.07161	13.7503	-0.0645986	-2.75382	-1.02198	-1.98608	-1.66361	-1.03409	0.36918	-0.0766286	0.966599	-1.23425	-0.216683	0.724222	0.225913	0.156015	0.776227	1.12385	-4.4913	0.522308	
0.134498	-0.0645986	9.92078	-6.14844	0.243021	-0.147163	0.00977856	-0.123953	-0.187222	0.966629	-0.810718	-1.55781	-1.45081	1.75685	-0.0144607	0.366269	-1.97427	0.93299	-0.979496	0.128143	
-0.741122	-2.75382	-6.14844	13.4402	-0.977439	0.201546	-0.0385638	0.0468859	0.600332	-1.89172	1.04385	0.223201	0.265773	-3.84938	0.551713	0.00650683	0.65217	-0.281442	1.07555	-0.425746	
-0.280512	-1.02198	0.243021	-0.977439	7.38531	-1.8109	-0.765937	-1.04353	1.1379	-2.49189	-0.173684	0.028187	0.256708	2.54584	-0.548605	0.491782	0.818932	0.461793	-1.47752	-1.77748	
-1.51765	-1.98608	-0.147163	0.201546	-1.8109	10.3631	0.603879	-0.393482	-1.30848	0.88667	0.113314	-0.791078	-0.408464	-1.79181	0.823807	-2.57668	0.140822	0.538159	0.501722	-0.441269	
0.96567	-1.66361	0.00977856	-0.0385638	-0.765937	0.603879	7.92725	0.902527	-1.41582	-0.332979	-0.703758	-1.69543	0.136163	0.522459	-1.64829	-0.793579	-1.32672	0.987828	0.236112	-0.906986	
0.606473	-1.03409	-0.123953	0.0468859	-1.04353	-0.393482	0.902527	6.87697	-0.688223	-1.44143	-2.13057	1.10937	-0.163761	0.77302	0.475514	-0.279472	0.804404	-3.46929	-0.22464	0.397274	
-0.0282073	0.36918	-0.187222	0.600332	1.1379	-1.30848	-1.41582	-0.688223	8.20564	-2.10575	0.294595	-0.245735	-0.0506182	1.54952	-4.65623	-0.333372	0.0401979	-0.217496	0.261087	-0.221304	
0.798419	-0.0766286	0.966629	-1.89172	-2.49189	0.88667	-0.332979	-1.44143	-2.10575	12.8741	-4.57317	-0.550187	0.166357	-3.05821	1.58177	2.21859	-0.277523	-3.71575	1.79396	0.22875	
-0.914074	0.966599	-0.810718	1.04385	-0.173684	0.113314	-0.703758	-2.13057	0.294595	-4.57317	10.6408	-1.24816	1.50715	-1.48783	-0.530066	-1.5673	2.09544	0.593666	-1.74984	-0.366248	
1.36445	-1.23425	-1.55781	0.223201	0.028187	-0.791078	-1.69543	1.10937	-0.245735	-0.550187	-1.24816	9.48437	-0.463249	-1.66276	1.00651	-1.83857	0.376625	-0.383557	-0.771761	-0.150163	
-1.16558	-0.216683	-1.45081	0.265773	0.256708	-0.408464	0.136163	-0.163761	-0.0506182	0.166357	1.50715	-0.463249	4.36573	-2.05647	-0.171046	0.829007	0.338205	-0.916275	-0.230848	0.428717	
1.39508	0.724222	1.75685	-3.84938	2.54584	-1.79181	0.522459	0.77302	1.54952	-3.05821	-1.48783	-1.66276	-2.05647	10.9578	-2.14245	-1.45392	-2.24111	1.41014	-1.07861	0.187608	
-0.873034	0.225913	-0.0144607	0.551713	-0.548605	0.823807	-1.64829	0.475514	-4.65623	1.58177	-0.530066	1.00651	-0.171046	-2.14245	6.71406	-0.838897	1.15114	0.372518	0.0771002	-0.556985	
-1.13304	0.156015	0.366269	0.00650683	0.491782	-2.57668	-0.793579	-0.279472	-0.333372	2.21859	-1.5673	-1.83857	0.829007	-1.45392	-0.838897	12.959	-7.23607	0.717385	0.353201	0.953111	
-1.29825	0.776227	-1.97427	0.65217	0.818932	0.140822	-1.32672	0.804404	0.0401979	-0.277523	2.09544	0.376625	0.338205	-2.24111	1.15114	-7.23607	15.4279	-5.40604	-1.33051	-0.531553	
-3.00122	1.12385	0.93299	-0.281442	0.461793	0.538159	0.987828	-3.46929	-0.217496	-3.71575	0.593666	-0.383557	-0.916275	1.41014	0.372518	0.717385	-5.40604	12.843	-1.53249	-0.057765	
3.17127	-4.4913	-0.979496	1.07555	-1.47752	0.501722	0.236112	-0.22464	0.261087	1.79396	-1.74984	-0.771761	-0.230848	-1.07861	0.0771002	0.353201	-1.33051	-1.53249	9.89327	-2.49625	
-0.327026	0.522308	0.128143	-0.425746	-1.77748	-0.441269	-0.906986	0.397274	-0.221304	0.22875	-0.366248	-0.150163	0.428717	0.187608	-0.556985	0.953111	-0.531553	-0.057765	-2.49625	6.41286	

Dist:	0.441572	Lambda:	9	0.561575	0.155701	0.324032	0.166546	1.12346	0.251492	2.99259	0.776756	0.0805803	Solution:	181	1.98786	-0.302139	0.0221682	0.0646562	0.0491605	0.279368	-0.0156302	-0.0309783	-0.0142325	-0.126285	-0.0120633	-0.16106	-0.167533	0.572768	0.0160764	-0.287576	-0.154531	-0.0927513	-0.0128884	0.183175	0.190295	-0.180194	-0.094405	0.0627311	0.0178132	0.184731	0.351908	0.0651086	-0.0938408	-0.031815	0.216554	-0.159125	0.0658275	0.892576	-0.222928	-0.431989	-0.087935	0.000290276	-0.242609	-0.29125	-0.0214486	-0.0420894	-0.018528	0.474836	0.370615	-0.673514	0.253667	-0.280076	-0.431709	0.0307036	0.0473619	-0.262436	0.344361	0.866804	0.43287	0.0125171	0.211905	-0.163455	-0.289336	-0.331676	-0.552822	-0.0754668	0.0700583	-0.645484	-0.164509	0.00261215	0.407502	0.307325	0.0958268	0.00514291	0.208895	0.253296	0.0418108	0.0569043	0.198117	-0.161002	0.0607239	-0.084855	-0.0255811	-0.479323	-0.0719945	0.0271283	-0.0176809	0.132465	0.0616253	-0.255217	0.0528804	0.0260591	-0.166983	0.15569	-0.101742	-0.0667229	0.121103	0.0662676	0.0640005	0.134211	0.0259867	0.0212282	-0.104532	-0.0977002	-0.078067	-0.0636397	-0.118443	0.17293	0.249358	-0.16583	-0.0228415	-0.209196	-0.0562173	0.322128	-0.287543	-0.143518	-0.162108	0.167875	0.149609	0.358546	0.149206	0.143009	-0.0488352	-0.295695	-0.138796	0.124623	-0.0454337	0.0391556	-0.00106766	-0.193454	0.0373559	-0.0258479	-0.0328537	0.122161	-0.0616155	-0.0733494	-0.0243089	0.0878219	0.0246081	0.0687003	0.0963878	0.107826	0.0815168	-0.124723	-0.207502	0.259333	-0.0701622	0.0719467	0.125706	-0.278816	0.0692605	-0.116425	-8.25071e-005	0.0787702	0.102929	-0.102968	0.0480915	0.230525	0.115688	-0.197372	0.0561691	0.152674	0.236083	-0.306278	-0.475072	0.236474	-0.330593	1.16728	1.06055	-1.40259	0.825084	-0.197807	-0.66444	1.0061	-0.631805	-1.18126	0.253227	-0.177076	0.0739857	0.843196	0.653321	0.629473	-0.22778	-1.04162	-0.893724	
Final:		181	1.98786	-0.302139	0.0221682	0.0646562	0.0491605	0.279368	-0.0156302	-0.0309783	-0.0142325	-0.126285	-0.0120633	-0.16106	-0.167533	0.572768	0.0160764	-0.287576	-0.154531	-0.0927513	-0.0128884	0.183175	0.190295	-0.180194	-0.094405	0.0627311	0.0178132	0.184731	0.351908	0.0651086	-0.0938408	-0.031815	0.216554	-0.159125	0.0658275	0.892576	-0.222928	-0.431989	-0.087935	0.000290276	-0.242609	-0.29125	-0.0214486	-0.0420894	-0.018528	0.474836	0.370615	-0.673514	0.253667	-0.280076	-0.431709	0.0307036	0.0473619	-0.262436	0.344361	0.866804	0.43287	0.0125171	0.211905	-0.163455	-0.289336	-0.331676	-0.552822	-0.0754668	0.0700583	-0.645484	-0.164509	0.00261215	0.407502	0.307325	0.0958268	0.00514291	0.208895	0.253296	0.0418108	0.0569043	0.198117	-0.161002	0.0607239	-0.084855	-0.0255811	-0.479323	-0.0719945	0.0271283	-0.0176809	0.132465	0.0616253	-0.255217	0.0528804	0.0260591	-0.166983	0.15569	-0.101742	-0.0667229	0.121103	0.0662676	0.0640005	0.134211	0.0259867	0.0212282	-0.104532	-0.0977002	-0.078067	-0.0636397	-0.118443	0.17293	0.249358	-0.16583	-0.0228415	-0.209196	-0.0562173	0.322128	-0.287543	-0.143518	-0.162108	0.167875	0.149609	0.358546	0.149206	0.143009	-0.0488352	-0.295695	-0.138796	0.124623	-0.0454337	0.0391556	-0.00106766	-0.193454	0.0373559	-0.0258479	-0.0328537	0.122161	-0.0616155	-0.0733494	-0.0243089	0.0878219	0.0246081	0.0687003	0.0963878	0.107826	0.0815168	-0.124723	-0.207502	0.259333	-0.0701622	0.0719467	0.125706	-0.278816	0.0692605	-0.116425	-8.25071e-005	0.0787702	0.102929	-0.102968	0.0480915	0.230525	0.115688	-0.197372	0.0561691	0.152674	0.236083	-0.306278	-0.475072	0.236474	-0.330593	1.16728	1.06055	-1.40259	0.825084	-0.197807	-0.66444	1.0061	-0.631805	-1.18126	0.253227	-0.177076	0.0739857	0.843196	0.653321	0.629473	-0.22778	-1.04162	-0.893724	
CERR
