* A C D E F G H I K L M N P Q R S T V W Y
A 0.644412774193 -0.0412932328572 0.0335257607713 -0.0415428911574 0.0246678245973 -0.14080962657 -0.0180173912685 0.0953338963828 -0.0370058955417 -0.0281460723182 -0.00532996629336 0.0875385902764 -0.0307970755661 -3.50670923184e-05 0.0134436419123 -0.285845428736 0.0414334335991 -0.242637591272 0.00936744914278 -0.000451543620163
C -0.0412932328572 0.178521909125 -0.0201121727139 0.0238882893747 -0.00662342902133 -0.0240216685229 -0.0239943131738 -0.0219327413255 -0.00050171590718 -0.0563738355444 0.0141622534708 -0.0127724782953 -0.01973659919 0.00216435764757 -0.00481173769172 -0.0437038139257 -0.0112260970313 -0.0498074737741 -0.0378567363085 0.014418273854
D 0.0335257607713 -0.0201121727139 0.391489252176 -0.228629369706 -0.0285587934443 -0.0647206774181 0.00210398162471 -0.13086416497 0.00399828016309 -0.00376426924088 0.0462848294616 -0.150491942307 -0.0404917149376 0.0113053453759 0.00210028666793 -0.0329296035412 0.00342543744348 0.0608176993887 0.00188474067015 0.0174255199908
E -0.0415428911574 0.0238882893747 -0.228629369706 0.564658853057 -0.0260149335782 0.0301647858126 -0.0656252644795 0.0936618385195 -0.108868561206 -0.0381628956678 0.0348816096936 0.0448868301641 -0.0250719260258 -0.197165923494 0.00113847837202 -0.034518708208 -0.00406526089931 -0.108257388241 -0.0340554933704 0.0370255278108
F 0.0246678245973 -0.00662342902133 -0.0285587934443 -0.0260149335782 0.469384228653 -0.0514572125253 0.0208004673327 -0.10558467309 0.0268515951957 -0.143180515031 -0.0448441395317 -0.0157166780064 -0.00659116825969 0.0828811114767 -0.0252879347373 -0.0374879940809 0.0350838571163 0.0453071220104 -0.0413213028762 -0.274796943128
G -0.14080962657 -0.0240216685229 -0.0647206774181 0.0301647858126 -0.0514572125253 0.269631821901 -0.0281344018893 -0.00232086472561 -0.0364357595007 -0.00621649841981 0.00180340468619 -0.080593021818 -0.0348723056576 0.00129303382614 -0.0114091641442 -0.0206785598895 0.0151359149056 -0.00685032764094 -0.0635788631731 0.0502946810671
H -0.0180173912685 -0.0239943131738 0.00210398162471 -0.0656252644795 0.0208004673327 -0.0281344018893 0.325384182589 -0.0405475319756 0.0379916684794 0.00448759289918 -0.0334958971935 -0.0972853824701 -0.0228295075884 -0.0465145018438 -0.0581811139359 0.0156095428316 0.0192975706546 0.0781094592882 0.038650452818 -0.195897393144
I 0.0953338963828 -0.0219327413255 -0.13086416497 0.0936618385195 -0.10558467309 -0.00232086472561 -0.0405475319756 1.07327241902 -0.0685927185967 -0.283612713157 -0.0727382173374 0.0122533156468 -0.0319619922197 0.0308289486539 0.0378977311902 0.0104720868361 -0.00693795294706 -0.766847182047 -0.0282726068981 0.0587619509179
K -0.0370058955417 -0.00050171590718 0.00399828016309 -0.108868561206 0.0268515951957 -0.0364357595007 0.0379916684794 -0.0685927185967 0.587102461642 0.0277526487953 -0.0225909435107 -0.0348944882173 -0.0436389154735 -0.0836580126881 -0.26072270548 -0.00936396206799 -0.0180767903134 0.0531887974417 0.0186953916506 -0.0493376971802
L -0.0281460723182 -0.0563738355444 -0.00376426924088 -0.0381628956678 -0.143180515031 -0.00621649841981 0.00448759289918 -0.283612713157 0.0277526487953 0.708386637844 -0.245537066657 0.0213603576597 -0.0306859581448 0.000492533400867 -0.083277064221 0.0612886012379 -0.0255559801975 -0.0120863003225 -0.0284543168155 0.0340860960369
M -0.00532996629336 0.0141622534708 0.0462848294616 0.0348816096936 -0.0448441395317 0.00180340468619 -0.0334958971935 -0.0727382173374 -0.0225909435107 -0.245537066657 0.508332896764 -0.0121590951906 0.0176800792325 -0.11997174444 0.017884971125 -0.0197910937545 -0.00707154714957 -0.0327470990555 -0.00938252588255 0.0545942531986
N 0.0875385902764 -0.0127724782953 -0.150491942307 0.0448868301641 -0.0157166780064 -0.080593021818 -0.0972853824701 0.0122533156468 -0.0348944882173 0.0213603576597 -0.0121590951906 0.424741296441 0.00630384056786 -0.029607507807 -0.0389675934631 -0.108557125479 -0.0629861640591 -0.0289825439662 0.00632697692793 0.0218556787387
P -0.0307970755661 -0.01973659919 -0.0404917149376 -0.0250719260258 -0.00659116825969 -0.0348723056576 -0.0228295075884 -0.0319619922197 -0.0436389154735 -0.0306859581448 0.0176800792325 0.00630384056786 0.187777412449 -0.00708910294141 -0.00565629619133 -0.0178021852695 -0.0194147374787 -0.0130714283715 -0.0193290340397 0.00679871205908
Q -3.50670923184e-05 0.00216435764757 0.0113053453759 -0.197165923494 0.0828811114767 0.00129303382614 -0.0465145018438 0.0308289486539 -0.0836580126881 0.000492533400867 -0.11997174444 -0.029607507807 -0.00708910294141 0.52086982736 -0.067246900755 -0.0308906008265 0.00294856226325 -0.00102901292161 -0.0332233037545 -0.027692234527
R 0.0134436419123 -0.00481173769172 0.00210028666793 0.00113847837202 -0.0252879347373 -0.0114091641442 -0.0581811139359 0.0378977311902 -0.26072270548 -0.083277064221 0.017884971125 -0.0389675934631 -0.00565629619133 -0.067246900755 0.415254990787 -0.0151846319307 -0.00133211115191 -0.0466290498286 -0.0285291461647 0.0230263134159
S -0.285845428736 -0.0437038139257 -0.0329296035412 -0.034518708208 -0.0374879940809 -0.0206785598895 0.0156095428316 0.0104720868361 -0.00936396206799 0.0612886012379 -0.0197910937545 -0.108557125479 -0.0178021852695 -0.0308906008265 -0.0151846319307 0.756915909103 -0.267943885557 0.107160488775 0.0233493805401 -0.0211811712209
T 0.0414334335991 -0.0112260970313 0.00342543744348 -0.00406526089931 0.0350838571163 0.0151359149056 0.0192975706546 -0.00693795294706 -0.0180767903134 -0.0255559801975 -0.00707154714957 -0.0629861640591 -0.0194147374787 0.00294856226325 -0.00133211115191 -0.267943885557 0.517876997125 -0.147064393271 -0.015857060344 -0.0101646898539
V -0.242637591272 -0.0498074737741 0.0608176993887 -0.108257388241 0.0453071220104 -0.00685032764094 0.0781094592882 -0.766847182047 0.0531887974417 -0.0120863003225 -0.0327470990555 -0.0289825439662 -0.0130714283715 -0.00102901292161 -0.0466290498286 0.107160488775 -0.147064393271 1.09247361061 0.0464524274468 -0.129080985796
W 0.00936744914278 -0.0378567363085 0.00188474067015 -0.0340554933704 -0.0413213028762 -0.0635788631731 0.038650452818 -0.0282726068981 0.0186953916506 -0.0284543168155 -0.00938252588255 0.00632697692793 -0.0193290340397 -0.0332233037545 -0.0285291461647 0.0233493805401 -0.015857060344 0.0464524274468 0.187317050877 -0.119842668806
Y -0.000451543620163 0.014418273854 0.0174255199908 0.0370255278108 -0.274796943128 0.0502946810671 -0.195897393144 0.0587619509179 -0.0493376971802 0.0340860960369 0.0545942531986 0.0218556787387 0.00679871205908 -0.027692234527 0.0230263134159 -0.0211811712209 -0.0101646898539 -0.129080985796 -0.119842668806 0.553218949096
