 A C D E F G H I K L M N P Q R S T V W Y
A 1.9646 -0.2043 -0.8767 -0.4319 -1.105 0.0798 -0.8126 -0.6609 -0.367 -0.7323 -0.4676 -0.7654 -0.4071 -0.402 -0.7068 0.5579 -0.0227 -0.0947 -1.2634 -0.882
C -0.2043 4.2911 -1.73 -1.8062 -1.1877 -1.2502 -1.4939 -0.6138 -1.5182 -0.6387 -0.7099 -1.3299 -1.3976 -1.4509 -1.6946 -0.4375 -0.4333 -0.4038 -1.1521 -1.2036
D -0.8767 -1.73 2.8871 0.7552 -1.7419 -0.6568 -0.5595 -1.5606 -0.3509 -1.8028 -1.5293 0.6358 -0.7401 -0.1567 -0.8029 -0.1305 -0.5254 -1.5713 -2.1072 -1.5325
E -0.4319 -1.8062 0.7552 2.4514 -1.5962 -1.0551 -0.0588 -1.5972 0.3877 -1.4232 -0.999 -0.134 -0.5581 0.9273 -0.0577 -0.0735 -0.4316 -1.2211 -1.4177 -1.0102
F -1.105 -1.1877 -1.7419 -1.5962 3.023 -1.5537 -0.6171 -0.0804 -1.5393 0.2074 0.0063 -1.497 -1.7986 -1.5822 -1.3932 -1.1845 -1.0538 -0.4245 0.4588 1.4696
G 0.0798 -1.2502 -0.6568 -1.0551 -1.5537 2.7816 -1.0204 -1.8624 -0.764 -1.8135 -1.3383 -0.2114 -1.0668 -0.8926 -1.1521 -0.1462 -0.7877 -1.5694 -1.2457 -1.5199
H -0.8126 -1.4939 -0.5595 -0.0588 -0.6171 -1.0204 3.7555 -1.6158 -0.3605 -1.3934 -0.7756 0.2892 -1.0805 0.224 -0.1249 -0.4408 -0.8429 -1.5587 -1.1711 0.8463
I -0.6609 -0.6138 -1.5606 -1.5972 -0.0804 -1.8624 -1.6158 1.9993 -1.3351 0.7608 0.5634 -1.6085 -1.3783 -1.3848 -1.4951 -1.1741 -0.3588 1.2735 -1.2903 -0.6657
K -0.367 -1.5182 -0.3509 0.3877 -1.5393 -0.764 -0.3605 -1.3351 2.2523 -1.2234 -0.6774 -0.0895 -0.5068 0.6363 1.0544 -0.1017 -0.3348 -1.1312 -1.4782 -0.91
L -0.7323 -0.6387 -1.8028 -1.4232 0.2074 -1.8135 -1.3934 0.7608 -1.2234 1.9247 0.9959 -1.6895 -1.43 -1.067 -1.0773 -1.2213 -0.5987 0.3942 -0.8159 -0.531
M -0.4676 -0.7099 -1.5293 -0.999 0.0063 -1.3383 -0.7756 0.5634 -0.6774 0.9959 2.6963 -1.0754 -1.2382 -0.2105 -0.6836 -0.7404 -0.3331 0.3436 -0.7124 -0.4974
N -0.7654 -1.3299 0.6358 -0.134 -1.497 -0.2114 0.2892 -1.6085 -0.0895 -1.6895 -1.0754 2.8266 -1.0002 8.0E-4 -0.2199 0.3005 -0.023 -1.4382 -1.848 -1.0409
P -0.4071 -1.3976 -0.7401 -0.5581 -1.7986 -1.0668 -1.0805 -1.3783 -0.5068 -1.43 -1.2382 -1.0002 3.6823 -0.641 -1.0543 -0.4045 -0.5376 -1.1744 -1.8271 -1.4599
Q -0.402 -1.4509 -0.1567 0.9273 -1.5822 -0.8926 0.224 -1.3848 0.6363 -1.067 -0.2105 8.0E-4 -0.641 2.6426 0.4914 -0.0506 -0.3377 -1.0992 -0.9732 -0.7105
R -0.7068 -1.6946 -0.8029 -0.0577 -1.3932 -1.1521 -0.1249 -1.4951 1.0544 -1.0773 -0.6836 -0.2199 -1.0543 0.4914 2.7367 -0.3824 -0.5612 -1.2513 -1.3397 -0.8469
S 0.5579 -0.4375 -0.1305 -0.0735 -1.1845 -0.1462 -0.4408 -1.1741 -0.1017 -1.2213 -0.7404 0.3005 -0.4045 -0.0506 -0.3824 1.9422 0.6906 -0.8231 -1.3759 -0.8429
T -0.0227 -0.4333 -0.5254 -0.4316 -1.0538 -0.7877 -0.8429 -0.3588 -0.3348 -0.5987 -0.3331 -0.023 -0.5376 -0.3377 -0.5612 0.6906 2.2727 -0.0278 -1.2145 -0.803
V -0.0947 -0.4038 -1.5713 -1.2211 -0.4245 -1.5694 -1.5587 1.2735 -1.1312 0.3942 0.3436 -1.4382 -1.1744 -1.0992 -1.2513 -0.8231 -0.0278 1.8845 -1.4171 -0.6038
W -1.2634 -1.1521 -2.1072 -1.4177 0.4588 -1.2457 -1.1711 -1.2903 -1.4782 -0.8159 -0.7124 -1.848 -1.8271 -0.9732 -1.3397 -1.3759 -1.2145 -1.4171 5.252 1.0771
Y -0.882 -1.2036 -1.5325 -1.0102 1.4696 -1.5199 0.8463 -0.6657 -0.91 -0.531 -0.4974 -1.0409 -1.4599 -0.7105 -0.8469 -0.8429 -0.803 -0.6038 1.0771 3.2975
